unit-atlas 1
# Baked by `just bake-units` (crates/unit-baker), see docs/specs/unit-art.md.
# pose dir frame x y width height feet_x feet_y
# x y width height: the frame's rectangle in the atlas PNG; feet_x feet_y: from its top-left corner.
idle 0 0 1486 700 60 133 30 130
idle 0 1 619 700 60 134 30 131
idle 0 2 1185 564 61 135 30 132
idle 0 3 410 564 61 136 30 133
idle 0 4 1672 425 60 137 30 134
idle 0 5 593 564 60 136 30 133
idle 0 6 471 564 61 136 30 133
idle 0 7 679 700 60 134 30 131
idle 1 0 1040 425 61 138 29 131
idle 1 1 1511 285 61 139 30 132
idle 1 2 1572 285 61 139 31 132
idle 1 3 1111 144 61 140 32 133
idle 1 4 1299 0 61 141 32 134
idle 1 5 1360 0 61 141 32 134
idle 1 6 1172 144 61 140 31 133
idle 1 7 1633 285 61 139 30 132
idle 2 0 366 285 60 140 25 131
idle 2 1 426 285 60 140 26 131
idle 2 2 486 285 60 140 28 131
idle 2 3 1604 0 60 141 29 132
idle 2 4 1664 0 60 141 30 132
idle 2 5 1724 0 60 141 29 132
idle 2 6 1784 0 60 141 28 132
idle 2 7 546 285 60 140 27 131
idle 3 0 1233 144 61 140 29 132
idle 3 1 1294 144 61 140 30 132
idle 3 2 1355 144 61 140 31 132
idle 3 3 1416 144 61 140 32 132
idle 3 4 1477 144 61 140 32 132
idle 3 5 1538 144 61 140 32 132
idle 3 6 1599 144 61 140 31 132
idle 3 7 1660 144 61 140 30 132
idle 4 0 1490 564 60 135 30 131
idle 4 1 1550 564 60 135 30 131
idle 4 2 253 700 61 134 31 130
idle 4 3 314 700 61 134 31 130
idle 4 4 739 700 60 134 30 130
idle 4 5 799 700 60 134 30 130
idle 4 6 1246 564 61 135 31 131
idle 4 7 1610 564 60 135 30 131
idle 5 0 1721 144 61 140 32 132
idle 5 1 1782 144 61 140 31 132
idle 5 2 1843 144 61 140 30 132
idle 5 3 1904 144 61 140 29 132
idle 5 4 1965 144 61 140 29 132
idle 5 5 0 285 61 140 29 132
idle 5 6 61 285 61 140 30 132
idle 5 7 122 285 61 140 31 132
idle 6 0 606 285 60 140 35 131
idle 6 1 666 285 60 140 34 131
idle 6 2 726 285 60 140 32 131
idle 6 3 1844 0 60 141 31 132
idle 6 4 1904 0 60 141 30 132
idle 6 5 1964 0 60 141 31 132
idle 6 6 0 144 60 141 32 132
idle 6 7 786 285 60 140 33 131
idle 7 0 1101 425 61 138 32 131
idle 7 1 1694 285 61 139 31 132
idle 7 2 1755 285 61 139 30 132
idle 7 3 183 285 61 140 29 133
idle 7 4 1421 0 61 141 29 134
idle 7 5 1482 0 61 141 29 134
idle 7 6 244 285 61 140 30 133
idle 7 7 1816 285 61 139 31 132
walk 0 0 905 285 58 140 33 126
walk 0 1 300 144 57 141 32 126
walk 0 2 1489 425 61 137 30 128
walk 0 3 0 700 64 134 31 131
walk 0 4 989 834 59 131 29 130
walk 0 5 859 700 57 134 25 128
walk 0 6 963 285 58 140 25 127
walk 0 7 357 144 57 141 25 126
walk 0 8 232 425 56 139 26 126
walk 0 9 288 425 56 139 28 131
walk 0 10 328 834 56 132 30 130
walk 0 11 118 425 57 139 32 128
walk 1 0 1217 285 80 139 40 125
walk 1 1 890 144 78 140 37 125
walk 1 2 1375 285 70 139 31 128
walk 1 3 1877 285 61 139 29 132
walk 1 4 1307 564 61 135 27 132
walk 1 5 808 834 61 131 26 130
walk 1 6 64 700 63 134 27 129
walk 1 7 1368 564 61 135 26 128
walk 1 8 375 700 61 134 27 128
walk 1 9 436 700 61 134 29 132
walk 1 10 127 700 63 134 31 130
walk 1 11 965 425 75 138 36 127
walk 2 0 464 834 76 131 34 124
walk 2 1 73 834 71 132 31 124
walk 2 2 1732 425 60 137 25 128
walk 2 3 60 144 60 141 25 132
walk 2 4 120 144 60 141 25 132
walk 2 5 1041 144 70 140 31 131
walk 2 6 885 425 80 138 38 130
walk 2 7 1849 564 82 134 41 128
walk 2 8 1118 834 67 129 32 128
walk 2 9 1546 700 60 133 25 132
walk 2 10 268 834 60 132 25 130
walk 2 11 679 834 66 131 27 126
walk 3 0 745 834 63 131 27 126
walk 3 1 1363 834 61 128 26 126
walk 3 2 998 700 61 133 27 130
walk 3 3 305 285 61 140 29 133
walk 3 4 523 0 70 143 31 133
walk 3 5 445 0 78 143 38 131
walk 3 6 364 0 81 143 41 130
walk 3 7 414 144 80 140 41 129
walk 3 8 0 834 73 132 36 129
walk 3 9 497 700 61 134 29 133
walk 3 10 1059 700 61 133 27 132
walk 3 11 207 834 61 132 26 128
walk 4 0 60 425 58 139 25 127
walk 4 1 653 564 57 136 25 127
walk 4 2 1120 700 61 133 31 130
walk 4 3 1425 425 64 137 33 133
walk 4 4 846 285 59 140 30 132
walk 4 5 1079 285 57 140 32 129
walk 4 6 1021 285 58 140 33 128
walk 4 7 1792 425 57 137 32 127
walk 4 8 1307 834 56 129 30 128
walk 4 9 1666 700 56 133 28 132
walk 4 10 1849 425 56 137 26 132
walk 4 11 175 425 57 139 25 129
walk 5 0 593 0 80 142 40 129
walk 5 1 1297 285 78 139 41 128
walk 5 2 78 564 70 136 39 131
walk 5 3 558 700 61 134 32 133
walk 5 4 1181 700 61 133 34 131
walk 5 5 1242 700 61 133 35 129
walk 5 6 144 834 63 132 36 127
walk 5 7 1185 834 61 129 35 126
walk 5 8 1246 834 61 129 34 128
walk 5 9 1550 425 61 137 32 133
walk 5 10 748 0 63 142 32 133
walk 5 11 673 0 75 142 39 130
walk 6 0 1349 425 76 137 42 129
walk 6 1 1931 564 71 134 40 128
walk 6 2 869 834 60 131 35 130
walk 6 3 1606 700 60 133 35 132
walk 6 4 929 834 60 131 35 130
walk 6 5 1048 834 70 130 39 127
walk 6 6 384 834 80 131 42 125
walk 6 7 1816 700 82 132 41 124
walk 6 8 1118 564 67 135 35 126
walk 6 9 180 144 60 141 35 132
walk 6 10 240 144 60 141 35 132
walk 6 11 1445 285 66 139 39 130
walk 7 0 190 700 63 134 36 128
walk 7 1 1429 564 61 135 35 128
walk 7 2 1303 700 61 133 34 130
walk 7 3 1364 700 61 133 32 132
walk 7 4 540 834 70 131 39 130
walk 7 5 0 564 78 136 40 128
walk 7 6 1136 285 81 139 40 126
walk 7 7 494 144 80 140 39 125
walk 7 8 968 144 73 140 37 126
walk 7 9 811 0 61 142 32 132
walk 7 10 1611 425 61 137 34 132
walk 7 11 1425 700 61 133 35 130
pray 0 0 284 564 63 136 28 133
pray 1 0 217 564 67 136 53 129
pray 2 0 1514 834 83 126 60 117
pray 3 0 1335 966 83 114 54 106
pray 4 0 208 1090 63 105 35 101
pray 5 0 1498 966 68 114 14 106
pray 6 0 1597 834 83 126 23 117
pray 7 0 1905 425 82 136 29 129
fall 0 0 610 834 69 131 35 128
fall 0 1 347 966 65 122 37 111
fall 0 2 157 966 66 123 35 111
fall 0 3 1566 966 102 110 55 97
fall 0 4 664 1354 88 54 45 22
fall 0 5 1244 1354 87 41 45 9
fall 0 6 1331 1354 86 39 45 7
fall 0 7 1331 1354 86 39 45 7
fall 1 0 347 564 63 136 27 129
fall 1 1 97 966 60 124 31 111
fall 1 2 1680 834 80 126 32 112
fall 1 3 920 966 86 116 15 101
fall 1 4 429 1354 120 60 12 28
fall 1 5 877 1354 121 45 13 13
fall 1 6 1123 1354 121 43 13 11
fall 1 7 1123 1354 121 43 13 11
fall 2 0 1938 285 60 139 22 130
fall 2 1 288 966 59 123 26 111
fall 2 2 577 966 91 119 37 109
fall 2 3 1006 966 81 116 16 106
fall 2 4 1138 1276 148 70 4 45
fall 2 5 1714 1276 149 69 5 43
fall 2 6 140 1354 149 68 5 41
fall 2 7 140 1354 149 68 5 41
fall 3 0 1543 0 61 141 27 133
fall 3 1 770 966 59 118 26 111
fall 3 2 1153 966 96 114 35 108
fall 3 3 471 966 106 120 23 114
fall 3 4 1023 1090 115 87 3 86
fall 3 5 513 1090 125 90 13 84
fall 3 6 638 1090 125 90 13 83
fall 3 7 638 1090 125 90 13 83
fall 4 0 148 564 69 136 34 132
fall 4 1 223 966 65 123 28 114
fall 4 2 1087 966 66 115 31 107
fall 4 3 668 966 102 118 47 114
fall 4 4 1856 966 105 106 51 105
fall 4 5 0 1090 104 105 50 103
fall 4 6 104 1090 104 105 50 102
fall 4 7 104 1090 104 105 50 102
fall 5 0 1236 0 63 141 36 133
fall 5 1 1760 834 60 126 29 115
fall 5 2 1418 966 80 114 48 104
fall 5 3 1249 966 86 114 71 107
fall 5 4 763 1090 120 89 108 88
fall 5 5 271 1090 121 92 108 87
fall 5 6 392 1090 121 92 108 85
fall 5 7 392 1090 121 92 108 85
fall 6 0 0 425 60 139 38 130
fall 6 1 1910 834 59 125 33 114
fall 6 2 829 966 91 117 54 107
fall 6 3 1668 966 82 108 66 100
fall 6 4 1286 1276 148 70 144 47
fall 6 5 840 1276 149 71 144 46
fall 6 6 989 1276 149 70 144 44
fall 6 7 989 1276 149 70 144 44
fall 7 0 532 564 61 136 34 129
fall 7 1 412 966 59 122 33 113
fall 7 2 0 966 97 124 61 110
fall 7 3 1750 966 106 107 83 97
fall 7 4 549 1354 115 58 112 26
fall 7 5 752 1354 125 45 112 13
fall 7 6 998 1354 125 44 112 12
fall 7 7 998 1354 125 44 112 12
drown 0 0 1120 1195 140 78 70 76
drown 0 1 883 1090 140 87 70 85
drown 0 2 1138 1090 140 86 70 84
drown 0 3 1838 1090 140 82 70 80
drown 1 0 280 1195 140 79 70 77
drown 1 1 1278 1090 140 85 70 83
drown 1 2 1418 1090 140 85 70 83
drown 1 3 0 1195 140 81 70 79
drown 2 0 1260 1195 140 78 70 76
drown 2 1 1400 1195 140 78 70 76
drown 2 2 420 1195 140 79 70 77
drown 2 3 560 1195 140 79 70 77
drown 3 0 700 1195 140 79 70 77
drown 3 1 1434 1276 140 70 70 68
drown 3 2 700 1276 140 72 70 70
drown 3 3 140 1276 140 77 70 75
drown 4 0 1540 1195 140 78 70 76
drown 4 1 289 1354 140 67 70 65
drown 4 2 1863 1276 140 69 70 67
drown 4 3 560 1276 140 76 70 74
drown 5 0 840 1195 140 79 70 77
drown 5 1 0 1354 140 69 70 67
drown 5 2 1574 1276 140 70 70 68
drown 5 3 280 1276 140 77 70 75
drown 6 0 1680 1195 140 78 70 76
drown 6 1 420 1276 140 77 70 75
drown 6 2 1820 1195 140 78 70 76
drown 6 3 0 1276 140 78 70 76
drown 7 0 980 1195 140 79 70 77
drown 7 1 1558 1090 140 84 70 82
drown 7 2 1698 1090 140 84 70 82
drown 7 3 140 1195 140 81 70 79
stranded 0 0 721 425 82 138 41 135
stranded 0 1 1670 564 90 134 45 131
stranded 0 2 1760 564 89 134 46 131
stranded 0 3 803 425 82 138 41 135
stranded 1 0 872 0 91 141 39 134
stranded 1 1 439 425 94 138 39 131
stranded 1 2 1257 425 92 137 39 130
stranded 1 3 963 0 91 141 39 134
stranded 2 0 574 144 79 140 43 131
stranded 2 1 802 564 79 135 43 126
stranded 2 2 881 564 79 135 43 126
stranded 2 3 653 144 79 140 43 131
stranded 3 0 0 0 91 144 39 136
stranded 3 1 1722 700 94 132 39 124
stranded 3 2 344 425 95 138 39 130
stranded 3 3 91 0 91 144 39 136
stranded 4 0 916 700 82 133 41 129
stranded 4 1 1820 834 90 125 45 121
stranded 4 2 1424 834 90 126 43 122
stranded 4 3 1898 700 82 132 41 128
stranded 5 0 182 0 91 144 52 136
stranded 5 1 533 425 94 138 55 130
stranded 5 2 710 564 92 135 53 127
stranded 5 3 273 0 91 144 52 136
stranded 6 0 732 144 79 140 36 131
stranded 6 1 960 564 79 135 36 126
stranded 6 2 1039 564 79 135 36 126
stranded 6 3 811 144 79 140 36 131
stranded 7 0 1054 0 91 141 52 134
stranded 7 1 627 425 94 138 55 131
stranded 7 2 1162 425 95 137 56 130
stranded 7 3 1145 0 91 141 52 134
