unit-atlas 1
# Baked by `just bake-units` (crates/unit-baker), see docs/specs/unit-art.md.
# pose dir frame x y width height feet_x feet_y
# x y width height: the frame's rectangle in the atlas PNG; feet_x feet_y: from its top-left corner.
idle 0 0 1229 875 62 137 31 134
idle 0 1 1101 875 62 138 31 135
idle 0 2 1304 734 62 140 31 137
idle 0 3 526 734 62 141 31 138
idle 0 4 588 734 62 141 31 138
idle 0 5 650 734 62 141 31 138
idle 0 6 1366 734 62 140 31 137
idle 0 7 389 875 62 139 31 136
idle 1 0 1410 446 65 144 31 137
idle 1 1 1475 446 65 144 32 137
idle 1 2 67 446 65 145 33 138
idle 1 3 396 300 65 146 34 139
idle 1 4 602 151 65 147 35 140
idle 1 5 404 151 66 147 35 140
idle 1 6 1792 151 66 146 34 139
idle 1 7 132 446 65 145 32 138
idle 2 0 70 151 67 149 32 140
idle 2 1 805 0 66 150 33 141
idle 2 2 871 0 66 150 34 141
idle 2 3 0 0 66 151 35 142
idle 2 4 66 0 66 151 36 142
idle 2 5 132 0 66 151 36 142
idle 2 6 198 0 66 151 35 142
idle 2 7 937 0 66 150 33 141
idle 3 0 461 300 65 146 31 138
idle 3 1 526 300 65 146 32 138
idle 3 2 591 300 65 146 33 138
idle 3 3 656 300 65 146 34 138
idle 3 4 1858 151 66 146 35 138
idle 3 5 1924 151 66 146 35 138
idle 3 6 0 300 66 146 34 138
idle 3 7 721 300 65 146 32 138
idle 4 0 1428 734 62 140 31 136
idle 4 1 1490 734 62 140 31 136
idle 4 2 1552 734 62 140 31 136
idle 4 3 451 875 62 139 31 135
idle 4 4 513 875 62 139 31 135
idle 4 5 575 875 62 139 31 135
idle 4 6 1614 734 62 140 31 136
idle 4 7 1676 734 62 140 31 136
idle 5 0 786 300 65 146 34 138
idle 5 1 851 300 65 146 33 138
idle 5 2 916 300 65 146 32 138
idle 5 3 981 300 65 146 31 138
idle 5 4 66 300 66 146 31 138
idle 5 5 132 300 66 146 31 138
idle 5 6 198 300 66 146 32 138
idle 5 7 264 300 66 146 33 138
idle 6 0 738 0 67 150 35 141
idle 6 1 1003 0 66 150 33 141
idle 6 2 1069 0 66 150 32 141
idle 6 3 264 0 66 151 31 142
idle 6 4 330 0 66 151 30 142
idle 6 5 396 0 66 151 30 142
idle 6 6 462 0 66 151 31 142
idle 6 7 1135 0 66 150 33 141
idle 7 0 1540 446 65 144 34 137
idle 7 1 1605 446 65 144 33 137
idle 7 2 197 446 65 145 32 138
idle 7 3 1046 300 65 146 31 139
idle 7 4 667 151 65 147 30 140
idle 7 5 732 151 65 147 31 140
idle 7 6 330 300 66 146 32 139
idle 7 7 262 446 65 145 33 138
walk 0 0 392 446 63 145 38 131
walk 0 1 518 446 62 145 37 130
walk 0 2 1520 591 66 142 35 133
walk 0 3 325 875 64 139 31 136
walk 0 4 1742 875 64 136 29 135
walk 0 5 637 875 62 139 25 133
walk 0 6 1670 446 63 144 25 131
walk 0 7 580 446 62 145 25 130
walk 0 8 1733 446 62 144 27 131
walk 0 9 535 591 62 143 31 135
walk 0 10 1291 875 62 137 35 135
walk 0 11 597 591 62 143 37 132
walk 1 0 1259 446 80 144 40 130
walk 1 1 1870 300 78 145 37 130
walk 1 2 1948 300 72 145 33 134
walk 1 3 327 446 65 145 31 138
walk 1 4 201 734 65 141 29 138
walk 1 5 1035 875 66 138 28 137
walk 1 6 266 734 65 141 27 136
walk 1 7 331 734 65 141 27 134
walk 1 8 914 734 65 140 29 134
walk 1 9 1871 734 65 139 31 137
walk 1 10 979 734 65 140 33 136
walk 1 11 1959 446 75 143 36 132
walk 2 0 1302 591 76 142 34 135
walk 2 1 0 591 71 143 31 135
walk 2 2 470 151 66 147 31 138
walk 2 3 528 0 66 151 31 142
walk 2 4 1201 0 66 150 31 141
walk 2 5 0 151 70 149 31 140
walk 2 6 1405 151 80 146 38 138
walk 2 7 1795 446 82 143 41 137
walk 2 8 1738 734 67 139 32 138
walk 2 9 142 591 66 143 31 142
walk 2 10 1586 591 66 142 31 140
walk 2 11 1450 591 70 142 31 137
walk 3 0 1936 734 65 139 27 134
walk 3 1 1676 875 66 136 28 134
walk 3 2 0 875 65 139 29 136
walk 3 3 1111 300 65 146 31 139
walk 3 4 1957 0 72 149 33 139
walk 3 5 660 0 78 150 38 138
walk 3 6 1721 0 81 149 41 136
walk 3 7 1485 151 80 146 41 135
walk 3 8 962 875 73 138 36 135
walk 3 9 1044 734 65 140 31 139
walk 3 10 65 875 65 139 29 138
walk 3 11 782 734 66 140 28 136
walk 4 0 455 446 63 145 25 133
walk 4 1 1782 591 62 142 25 133
walk 4 2 1805 734 66 139 31 136
walk 4 3 1718 591 64 142 33 138
walk 4 4 1241 300 64 146 35 138
walk 4 5 862 151 62 147 37 136
walk 4 6 1305 300 63 146 38 134
walk 4 7 659 591 62 143 37 133
walk 4 8 130 1014 62 135 35 134
walk 4 9 699 875 62 139 31 138
walk 4 10 721 591 62 143 27 138
walk 4 11 642 446 62 145 25 135
walk 5 0 1802 0 80 149 40 136
walk 5 1 1565 151 78 146 41 135
walk 5 2 1378 591 72 142 39 137
walk 5 3 1109 734 65 140 34 139
walk 5 4 1174 734 65 140 36 138
walk 5 5 848 734 66 140 38 136
walk 5 6 1239 734 65 140 38 135
walk 5 7 1163 875 66 137 38 134
walk 5 8 0 1014 65 135 36 134
walk 5 9 340 591 65 143 34 139
walk 5 10 339 151 65 148 32 139
walk 5 11 1882 0 75 149 39 137
walk 6 0 1643 151 76 146 42 138
walk 6 1 71 591 71 143 40 137
walk 6 2 69 734 66 141 35 140
walk 6 3 208 591 66 143 35 142
walk 6 4 135 734 66 141 35 140
walk 6 5 712 734 70 140 39 137
walk 6 6 1844 591 80 141 42 135
walk 6 7 1877 446 82 143 41 135
walk 6 8 0 446 67 145 35 136
walk 6 9 594 0 66 151 35 142
walk 6 10 1267 0 66 150 35 141
walk 6 11 269 151 70 148 39 139
walk 7 0 396 734 65 141 38 135
walk 7 1 461 734 65 141 38 134
walk 7 2 130 875 65 139 36 136
walk 7 3 195 875 65 139 34 138
walk 7 4 1535 875 72 136 39 135
walk 7 5 1924 591 78 141 40 133
walk 7 6 1178 446 81 144 40 131
walk 7 7 1790 300 80 145 39 130
walk 7 8 1719 151 73 146 37 132
walk 7 9 797 151 65 147 34 137
walk 7 10 405 591 65 143 36 138
walk 7 11 260 875 65 139 38 136
pray 0 0 1652 591 66 142 31 139
pray 1 0 1339 446 71 144 57 137
pray 2 0 1353 875 91 136 68 127
pray 3 0 1916 1014 86 119 57 111
pray 4 0 964 1149 66 107 35 103
pray 5 0 0 1149 71 119 14 111
pray 6 0 1444 875 91 136 23 127
pray 7 0 1092 446 86 144 29 137
fall 0 0 1607 875 69 136 35 133
fall 0 1 812 1014 65 130 37 119
fall 0 2 614 1014 68 131 35 119
fall 0 3 278 1149 102 117 55 104
fall 0 4 1580 1447 88 54 45 22
fall 0 5 270 1523 87 41 45 9
fall 0 6 357 1523 86 39 45 7
fall 0 7 357 1523 86 39 45 7
fall 1 0 274 591 66 143 30 136
fall 1 1 362 1014 65 133 36 120
fall 1 2 192 1014 88 133 40 119
fall 1 3 1555 1014 94 122 23 107
fall 1 4 1323 1447 131 60 12 28
fall 1 5 1805 1447 133 45 13 13
fall 1 6 137 1523 133 43 13 11
fall 1 7 137 1523 133 43 13 11
fall 2 0 137 151 66 149 29 140
fall 2 1 682 1014 65 131 33 119
fall 2 2 1119 1014 96 125 42 115
fall 2 3 1737 1014 85 122 20 112
fall 2 4 0 1447 155 76 4 51
fall 2 5 731 1447 156 74 5 48
fall 2 6 887 1447 156 73 5 46
fall 2 7 887 1447 156 73 5 46
fall 3 0 1176 300 65 146 29 138
fall 3 1 1376 1014 62 124 29 117
fall 3 2 71 1149 105 118 44 112
fall 3 3 1438 1014 117 122 34 116
fall 3 4 280 1268 126 94 3 93
fall 3 5 1163 1149 137 98 13 92
fall 3 6 1433 1149 137 97 13 90
fall 3 7 1433 1149 137 97 13 90
fall 4 0 0 734 69 141 34 137
fall 4 1 1311 1014 65 125 28 116
fall 4 2 380 1149 68 117 33 109
fall 4 3 176 1149 102 118 47 114
fall 4 4 651 1149 105 110 51 109
fall 4 5 756 1149 104 110 50 108
fall 4 6 860 1149 104 110 50 107
fall 4 7 860 1149 104 110 50 107
fall 5 0 536 151 66 147 36 139
fall 5 1 747 1014 65 131 29 120
fall 5 2 1649 1014 88 122 48 112
fall 5 3 1822 1014 94 119 71 112
fall 5 4 1570 1149 131 96 119 95
fall 5 5 1300 1149 133 98 120 93
fall 5 6 1030 1149 133 99 120 92
fall 5 7 1030 1149 133 99 120 92
fall 6 0 203 151 66 149 37 140
fall 6 1 65 1014 65 135 32 124
fall 6 2 1215 1014 96 125 54 115
fall 6 3 565 1149 86 115 66 107
fall 6 4 1680 1362 155 77 151 54
fall 6 5 1835 1362 156 76 151 51
fall 6 6 435 1447 156 75 151 49
fall 6 7 435 1447 156 75 151 49
fall 7 0 470 591 65 143 36 136
fall 7 1 877 1014 62 130 33 121
fall 7 2 427 1014 105 132 61 118
fall 7 3 448 1149 117 115 83 105
fall 7 4 1454 1447 126 58 123 26
fall 7 5 1668 1447 137 45 124 13
fall 7 6 0 1523 137 43 124 11
fall 7 7 0 1523 137 43 124 11
drown 0 0 980 1362 140 83 70 81
drown 0 1 1701 1149 140 95 70 93
drown 0 2 1841 1149 140 94 70 92
drown 0 3 1666 1268 140 87 70 85
drown 1 0 560 1362 140 84 70 82
drown 1 1 0 1268 140 94 70 92
drown 1 2 140 1268 140 94 70 92
drown 1 3 686 1268 140 88 70 86
drown 2 0 826 1268 140 88 70 86
drown 2 1 1806 1268 140 87 70 85
drown 2 2 966 1268 140 88 70 86
drown 2 3 1106 1268 140 88 70 86
drown 3 0 0 1362 140 85 70 83
drown 3 1 155 1447 140 76 70 74
drown 3 2 1540 1362 140 78 70 76
drown 3 3 1120 1362 140 83 70 81
drown 4 0 700 1362 140 84 70 82
drown 4 1 1183 1447 140 71 70 69
drown 4 2 1043 1447 140 72 70 70
drown 4 3 1400 1362 140 80 70 78
drown 5 0 140 1362 140 85 70 83
drown 5 1 591 1447 140 75 70 73
drown 5 2 295 1447 140 76 70 74
drown 5 3 1260 1362 140 83 70 81
drown 6 0 1246 1268 140 88 70 86
drown 6 1 280 1362 140 85 70 83
drown 6 2 420 1362 140 85 70 83
drown 6 3 1386 1268 140 88 70 86
drown 7 0 840 1362 140 84 70 82
drown 7 1 406 1268 140 93 70 91
drown 7 2 546 1268 140 92 70 90
drown 7 3 1526 1268 140 88 70 86
stranded 0 0 1323 151 82 146 41 143
stranded 0 1 783 591 90 142 45 139
stranded 0 2 873 591 89 142 46 139
stranded 0 3 1708 300 82 145 41 142
stranded 1 0 1333 0 97 149 45 142
stranded 1 1 1025 151 100 146 45 139
stranded 1 2 1225 151 98 146 45 139
stranded 1 3 1430 0 97 149 45 142
stranded 2 0 1368 300 85 145 49 136
stranded 2 1 962 591 85 142 49 133
stranded 2 2 1047 591 85 142 49 133
stranded 2 3 1453 300 85 145 49 136
stranded 3 0 704 446 97 144 45 136
stranded 3 1 1806 875 100 135 45 127
stranded 3 2 761 875 101 138 45 130
stranded 3 3 801 446 97 144 45 136
stranded 4 0 280 1014 82 133 41 129
stranded 4 1 939 1014 90 128 45 124
stranded 4 2 1029 1014 90 128 43 124
stranded 4 3 532 1014 82 132 41 128
stranded 5 0 898 446 97 144 52 136
stranded 5 1 862 875 100 138 55 130
stranded 5 2 1906 875 98 135 53 127
stranded 5 3 995 446 97 144 52 136
stranded 6 0 1538 300 85 145 36 136
stranded 6 1 1132 591 85 142 36 133
stranded 6 2 1217 591 85 142 36 133
stranded 6 3 1623 300 85 145 36 136
stranded 7 0 1527 0 97 149 52 142
stranded 7 1 1125 151 100 146 55 139
stranded 7 2 924 151 101 146 56 139
stranded 7 3 1624 0 97 149 52 142
