unit-atlas 1
# Baked by `just bake-units` (crates/unit-baker), see docs/specs/unit-art.md.
# pose dir frame x y width height feet_x feet_y
# x y width height: the frame's rectangle in the atlas PNG; feet_x feet_y: from its top-left corner.
idle 0 0 424 843 80 159 40 156
idle 0 1 1458 681 80 160 40 157
idle 0 2 658 681 80 161 40 158
idle 0 3 162 681 80 162 40 159
idle 0 4 1319 516 80 163 40 160
idle 0 5 1399 516 80 163 40 160
idle 0 6 242 681 80 162 40 159
idle 0 7 1538 681 80 160 40 157
idle 1 0 1574 176 88 169 43 162
idle 1 1 862 176 89 169 44 162
idle 1 2 332 176 89 170 45 163
idle 1 3 1893 0 89 171 46 164
idle 1 4 1341 0 88 172 46 165
idle 1 5 1163 0 89 172 46 165
idle 1 6 0 176 89 171 46 164
idle 1 7 599 176 88 170 44 163
idle 2 0 924 0 80 174 39 165
idle 2 1 1004 0 80 174 40 165
idle 2 2 364 0 80 175 41 166
idle 2 3 444 0 80 175 42 166
idle 2 4 524 0 80 175 43 166
idle 2 5 604 0 80 175 43 166
idle 2 6 684 0 80 175 42 166
idle 2 7 764 0 80 175 40 166
idle 3 0 1662 176 88 169 43 161
idle 3 1 951 176 89 169 44 161
idle 3 2 1040 176 89 169 45 161
idle 3 3 1129 176 89 169 46 161
idle 3 4 351 347 88 168 46 160
idle 3 5 1218 176 89 169 46 161
idle 3 6 1307 176 89 169 46 161
idle 3 7 1750 176 88 169 44 161
idle 4 0 504 843 80 159 40 155
idle 4 1 584 843 80 159 40 155
idle 4 2 1275 843 80 158 40 154
idle 4 3 1355 843 80 158 40 154
idle 4 4 1435 843 80 158 40 154
idle 4 5 1515 843 80 158 40 154
idle 4 6 1595 843 80 158 40 154
idle 4 7 664 843 80 159 40 155
idle 5 0 920 843 89 158 46 150
idle 5 1 0 1002 89 157 45 149
idle 5 2 89 1002 89 157 44 149
idle 5 3 178 1002 89 157 43 149
idle 5 4 534 1002 88 157 42 149
idle 5 5 267 1002 89 157 43 149
idle 5 6 356 1002 89 157 43 149
idle 5 7 622 1002 88 157 44 149
idle 6 0 248 1159 79 156 41 147
idle 6 1 88 1159 80 156 40 147
idle 6 2 1055 1002 80 157 39 148
idle 6 3 1455 1002 79 157 37 148
idle 6 4 1135 1002 80 157 37 148
idle 6 5 1215 1002 80 157 37 148
idle 6 6 1295 1002 80 157 38 148
idle 6 7 168 1159 80 156 40 147
idle 7 0 445 1002 89 157 46 150
idle 7 1 1009 843 89 158 45 151
idle 7 2 1885 681 89 159 44 152
idle 7 3 1021 681 89 160 43 153
idle 7 4 1110 681 89 160 43 153
idle 7 5 1199 681 89 160 43 153
idle 7 6 0 843 89 159 43 152
idle 7 7 1187 843 88 158 44 151
walk 0 0 871 347 81 166 45 152
walk 0 1 952 347 81 166 45 151
walk 0 2 1479 516 79 163 42 154
walk 0 3 1618 681 80 160 40 157
walk 0 4 1534 1002 79 157 37 156
walk 0 5 1377 681 81 160 36 154
walk 0 6 1693 347 81 165 36 152
walk 0 7 1033 347 81 166 36 151
walk 0 8 0 516 79 165 37 152
walk 0 9 602 516 80 164 40 156
walk 0 10 1835 843 79 158 42 156
walk 0 11 521 516 81 164 45 153
walk 1 0 1926 176 87 169 46 155
walk 1 1 687 176 88 170 46 155
walk 1 2 1396 176 89 169 45 158
walk 1 3 421 176 89 170 43 163
walk 1 4 607 347 88 166 41 163
walk 1 5 967 516 88 163 40 162
walk 1 6 695 347 88 166 40 161
walk 1 7 783 347 88 166 40 159
walk 1 8 1435 347 88 165 41 159
walk 1 9 79 516 89 164 43 162
walk 1 10 168 516 89 164 45 160
walk 1 11 439 347 88 167 46 156
walk 2 0 1774 347 81 165 39 158
walk 2 1 1114 347 81 166 39 158
walk 2 2 253 176 79 171 38 162
walk 2 3 844 0 80 175 38 166
walk 2 4 0 0 79 176 38 167
walk 2 5 283 0 81 175 39 166
walk 2 6 1604 0 81 172 39 164
walk 2 7 0 347 83 169 41 163
walk 2 8 682 516 79 164 38 163
walk 2 9 527 347 80 167 38 166
walk 2 10 1356 347 79 166 38 164
walk 2 11 1855 347 81 165 39 160
walk 3 0 1637 516 88 162 40 157
walk 3 1 89 843 88 159 40 157
walk 3 2 1055 516 88 163 41 160
walk 3 3 510 176 89 170 43 163
walk 3 4 1252 0 89 172 45 162
walk 3 5 1429 0 88 172 46 160
walk 3 6 1517 0 87 172 46 159
walk 3 7 1838 176 88 169 46 158
walk 3 8 401 681 88 161 45 158
walk 3 9 257 516 89 164 43 163
walk 3 10 1143 516 88 163 41 162
walk 3 11 1231 516 88 163 40 159
walk 4 0 1195 347 81 166 36 154
walk 4 1 0 681 81 162 36 153
walk 4 2 1914 843 79 158 37 155
walk 4 3 738 681 80 161 40 157
walk 4 4 1558 516 79 163 42 155
walk 4 5 81 681 81 162 45 151
walk 4 6 577 681 81 161 45 149
walk 4 7 262 843 81 159 45 149
walk 4 8 1350 1159 79 152 42 151
walk 4 9 1675 843 80 158 40 157
walk 4 10 322 681 79 162 37 157
walk 4 11 1936 347 81 165 36 155
walk 5 0 434 516 87 164 41 151
walk 5 1 489 681 88 161 42 150
walk 5 2 1703 1002 89 156 44 151
walk 5 3 1172 1159 89 152 46 151
walk 5 4 1676 1159 88 149 47 147
walk 5 5 86 1315 88 147 48 143
walk 5 6 628 1315 88 145 48 140
walk 5 7 1255 1315 88 143 48 140
walk 5 8 1086 1315 88 144 47 143
walk 5 9 406 1159 89 155 46 151
walk 5 10 1725 516 88 162 43 153
walk 5 11 346 516 88 164 42 152
walk 6 0 974 1002 81 157 42 149
walk 6 1 835 1159 81 154 42 148
walk 6 2 1429 1159 79 150 41 149
walk 6 3 1934 1159 80 149 42 148
walk 6 4 342 1315 79 146 41 145
walk 6 5 1174 1315 81 144 42 141
walk 6 6 801 1315 81 145 42 139
walk 6 7 259 1315 83 146 42 138
walk 6 8 1508 1159 79 150 41 141
walk 6 9 1375 1002 80 157 42 148
walk 6 10 1698 681 79 160 41 151
walk 6 11 343 843 81 159 42 150
walk 7 0 1881 1002 88 156 48 150
walk 7 1 0 1159 88 156 48 149
walk 7 2 996 1159 88 153 47 150
walk 7 3 1261 1159 89 152 46 151
walk 7 4 1587 1159 89 149 44 148
walk 7 5 1084 1159 88 153 42 145
walk 7 6 495 1159 88 155 42 142
walk 7 7 710 1002 88 157 42 142
walk 7 8 1098 843 89 158 44 144
walk 7 9 1288 681 89 160 46 150
walk 7 10 798 1002 88 157 47 152
walk 7 11 664 1159 88 154 48 151
pray 0 0 1276 347 80 166 40 163
pray 1 0 775 176 87 170 67 163
pray 2 0 925 681 96 160 73 151
pray 3 0 0 1463 96 139 67 131
pray 4 0 1931 1463 80 123 40 119
pray 5 0 1326 1463 88 127 21 119
pray 6 0 1674 1315 96 142 23 133
pray 7 0 824 843 96 158 29 151
fall 0 0 1755 843 80 158 40 155
fall 0 1 583 1159 81 155 44 144
fall 0 2 752 1159 83 154 39 142
fall 0 3 475 1463 103 136 55 123
fall 0 4 1326 1930 88 54 45 22
fall 0 5 0 2013 87 41 45 9
fall 0 6 87 2013 86 40 45 8
fall 0 7 87 2013 86 40 45 8
fall 1 0 173 347 89 168 41 161
fall 1 1 177 843 85 159 44 146
fall 1 2 1613 1002 90 156 42 142
fall 1 3 1850 1315 93 141 22 126
fall 1 4 1054 1930 149 60 12 28
fall 1 5 1682 1930 151 47 13 15
fall 1 6 1833 1930 151 46 13 14
fall 1 7 1833 1930 151 46 13 14
fall 2 0 1084 0 79 174 35 165
fall 2 1 916 1159 80 154 39 142
fall 2 2 96 1463 107 138 53 128
fall 2 3 1025 1463 104 128 39 118
fall 2 4 1739 1833 164 84 4 58
fall 2 5 1574 1833 165 84 5 56
fall 2 6 1409 1833 165 85 5 55
fall 2 7 1409 1833 165 85 5 55
fall 3 0 1485 176 89 169 41 161
fall 3 1 1943 1315 86 140 40 133
fall 3 2 376 1602 118 120 57 114
fall 3 3 1414 1463 132 126 49 120
fall 3 4 834 1724 123 104 3 103
fall 3 5 700 1724 134 105 13 99
fall 3 6 1237 1724 135 103 13 96
fall 3 7 1237 1724 135 103 13 96
fall 4 0 744 843 80 159 40 155
fall 4 1 393 1463 82 137 38 128
fall 4 2 1848 1463 83 123 44 115
fall 4 3 1129 1463 103 127 48 123
fall 4 4 1636 1463 105 124 51 123
fall 4 5 132 1602 104 121 50 119
fall 4 6 774 1602 104 119 50 116
fall 4 7 774 1602 104 119 50 116
fall 5 0 886 1002 88 157 47 149
fall 5 1 308 1463 85 138 41 127
fall 5 2 1546 1463 90 125 48 115
fall 5 3 1232 1463 94 127 71 120
fall 5 4 280 1833 149 96 137 95
fall 5 5 1663 1724 151 97 138 92
fall 5 6 1512 1724 151 99 138 92
fall 5 7 1512 1724 151 99 138 92
fall 6 0 327 1159 79 156 44 147
fall 6 1 1770 1315 80 142 41 131
fall 6 2 1741 1463 107 123 54 113
fall 6 3 1018 1602 105 116 66 108
fall 6 4 165 1930 164 83 160 60
fall 6 5 329 1930 165 82 160 57
fall 6 6 0 1930 165 83 160 56
fall 6 7 0 1930 165 83 160 56
fall 7 0 1792 1002 89 156 48 149
fall 7 1 0 1315 86 148 46 139
fall 7 2 1343 1315 118 142 61 128
fall 7 3 0 1602 132 122 83 111
fall 7 4 1203 1930 123 58 120 26
fall 7 5 1414 1930 134 50 121 18
fall 7 6 1548 1930 134 48 121 16
fall 7 7 1548 1930 134 48 121 16
drown 0 0 957 1724 140 103 70 101
drown 0 1 494 1602 140 119 70 117
drown 0 2 878 1602 140 118 70 116
drown 0 3 1823 1602 140 109 70 107
drown 1 0 0 1724 140 109 70 107
drown 1 1 236 1602 140 120 70 118
drown 1 2 634 1602 140 119 70 117
drown 1 3 1123 1602 140 113 70 111
drown 2 0 1263 1602 140 113 70 111
drown 2 1 1683 1602 140 110 70 108
drown 2 2 1543 1602 140 111 70 109
drown 2 3 1403 1602 140 113 70 111
drown 3 0 140 1724 140 109 70 107
drown 3 1 989 1833 140 91 70 89
drown 3 2 569 1833 140 94 70 92
drown 3 3 420 1724 140 105 70 103
drown 4 0 1097 1724 140 103 70 101
drown 4 1 774 1930 140 78 70 76
drown 4 2 494 1930 140 81 70 79
drown 4 3 1814 1724 140 97 70 95
drown 5 0 0 1833 140 97 70 95
drown 5 1 914 1930 140 77 70 75
drown 5 2 634 1930 140 79 70 77
drown 5 3 849 1833 140 93 70 91
drown 6 0 429 1833 140 95 70 93
drown 6 1 1269 1833 140 89 70 87
drown 6 2 1129 1833 140 90 70 88
drown 6 3 709 1833 140 94 70 92
drown 7 0 140 1833 140 97 70 95
drown 7 1 280 1724 140 106 70 104
drown 7 2 560 1724 140 105 70 103
drown 7 3 1372 1724 140 101 70 99
stranded 0 0 89 176 82 171 41 168
stranded 0 1 83 347 90 168 45 165
stranded 0 2 262 347 89 168 46 165
stranded 0 3 171 176 82 171 41 168
stranded 1 0 79 0 102 175 50 168
stranded 1 1 1685 0 105 171 50 164
stranded 1 2 1790 0 103 171 50 164
stranded 1 3 181 0 102 175 50 168
stranded 2 0 1523 347 85 165 49 156
stranded 2 1 1813 516 85 162 49 153
stranded 2 2 1898 516 85 162 49 153
stranded 2 3 1608 347 85 165 49 156
stranded 3 0 421 1315 104 145 52 137
stranded 3 1 1568 1315 106 142 51 134
stranded 3 2 1461 1315 107 142 51 134
stranded 3 3 525 1315 103 145 51 137
stranded 4 0 681 1463 82 133 41 129
stranded 4 1 845 1463 90 130 45 126
stranded 4 2 935 1463 90 130 43 126
stranded 4 3 763 1463 82 133 41 129
stranded 5 0 882 1315 102 144 52 136
stranded 5 1 203 1463 105 138 55 130
stranded 5 2 578 1463 103 135 53 127
stranded 5 3 984 1315 102 144 52 136
stranded 6 0 1764 1159 85 149 36 140
stranded 6 1 174 1315 85 146 36 137
stranded 6 2 716 1315 85 145 36 136
stranded 6 3 1849 1159 85 149 36 140
stranded 7 0 761 516 103 163 52 156
stranded 7 1 818 681 107 160 55 153
stranded 7 2 1777 681 108 159 56 152
stranded 7 3 864 516 103 163 52 156
