unit-atlas 1
# Baked by `just bake-units` (crates/unit-baker), see docs/specs/unit-art.md.
# pose dir frame x y width height feet_x feet_y
# x y width height: the frame's rectangle in the atlas PNG; feet_x feet_y: from its top-left corner.
idle 0 0 1758 772 80 172 40 169
idle 0 1 745 772 80 173 40 170
idle 0 2 87 772 80 174 40 171
idle 0 3 1688 594 80 175 40 172
idle 0 4 1195 594 80 176 40 173
idle 0 5 1275 594 80 176 40 173
idle 0 6 1768 594 80 175 40 172
idle 0 7 825 772 80 173 40 170
idle 1 0 586 413 88 180 44 173
idle 1 1 1910 217 88 181 45 174
idle 1 2 992 217 88 182 46 175
idle 1 3 1080 217 88 182 47 175
idle 1 4 567 217 87 183 47 176
idle 1 5 654 217 87 183 47 176
idle 1 6 1168 217 88 182 47 175
idle 1 7 264 413 87 181 45 174
idle 2 0 430 413 78 181 40 172
idle 2 1 508 413 78 181 41 172
idle 2 2 1256 217 78 182 43 173
idle 2 3 1334 217 78 182 44 173
idle 2 4 1568 217 77 182 44 173
idle 2 5 1645 217 77 182 44 173
idle 2 6 1412 217 78 182 43 173
idle 2 7 1490 217 78 182 42 173
idle 3 0 1143 772 88 172 44 164
idle 3 1 1231 772 88 172 45 164
idle 3 2 1319 772 88 172 46 164
idle 3 3 0 946 88 171 47 163
idle 3 4 616 946 87 171 47 163
idle 3 5 703 946 87 171 47 163
idle 3 6 1407 772 88 172 47 164
idle 3 7 1495 772 88 172 45 164
idle 4 0 1418 1452 80 161 40 157
idle 4 1 514 1616 80 160 40 156
idle 4 2 1524 1616 80 159 40 155
idle 4 3 1604 1616 80 159 40 155
idle 4 4 0 1776 80 158 40 154
idle 4 5 1684 1616 80 159 40 155
idle 4 6 1764 1616 80 159 40 155
idle 4 7 594 1616 80 160 40 156
idle 5 0 1242 1452 88 161 44 153
idle 5 1 1656 1452 88 160 43 152
idle 5 2 1744 1452 88 160 42 152
idle 5 3 1832 1452 88 160 41 152
idle 5 4 1263 1616 87 159 40 151
idle 5 5 1350 1616 87 159 40 151
idle 5 6 1920 1452 88 160 41 152
idle 5 7 0 1616 88 160 43 152
idle 6 0 487 1452 78 163 38 154
idle 6 1 565 1452 78 163 37 154
idle 6 2 1777 1286 78 164 35 155
idle 6 3 1855 1286 78 164 34 155
idle 6 4 1933 1286 78 164 33 155
idle 6 5 156 1452 77 164 33 155
idle 6 6 0 1452 78 164 35 155
idle 6 7 78 1452 78 164 36 155
idle 7 0 88 1117 88 168 44 161
idle 7 1 1717 946 88 169 43 162
idle 7 2 1462 946 88 170 42 163
idle 7 3 88 946 88 171 41 164
idle 7 4 790 946 87 171 40 164
idle 7 5 877 946 87 171 40 164
idle 7 6 1550 946 87 170 41 163
idle 7 7 1805 946 88 169 43 162
walk 0 0 1428 413 81 179 46 165
walk 0 1 1509 413 81 179 45 164
walk 0 2 1355 594 80 176 43 167
walk 0 3 905 772 80 173 40 170
walk 0 4 1637 946 80 170 37 169
walk 0 5 664 772 81 173 36 167
walk 0 6 1834 413 81 178 35 165
walk 0 7 1590 413 81 179 36 164
walk 0 8 1915 413 80 178 37 165
walk 0 9 683 594 80 177 40 169
walk 0 10 964 946 80 171 43 169
walk 0 11 602 594 81 177 45 166
walk 1 0 674 413 87 180 47 166
walk 1 1 0 413 88 181 47 166
walk 1 2 88 413 88 181 46 170
walk 1 3 176 413 88 181 44 174
walk 1 4 338 594 88 177 42 174
walk 1 5 1927 594 88 174 41 173
walk 1 6 939 594 87 176 40 171
walk 1 7 426 594 88 177 41 170
walk 1 8 763 594 88 176 42 170
walk 1 9 851 594 88 176 44 174
walk 1 10 1026 594 87 176 46 172
walk 1 11 1000 413 87 179 47 168
walk 2 0 581 772 83 173 41 166
walk 2 1 167 772 80 174 40 166
walk 2 2 160 594 79 178 40 169
walk 2 3 741 217 79 183 40 174
walk 2 4 820 217 79 183 40 174
walk 2 5 351 413 79 181 40 172
walk 2 6 1346 413 82 179 40 171
walk 2 7 1113 594 82 176 41 170
walk 2 8 1284 946 79 171 40 170
walk 2 9 247 772 79 174 40 173
walk 2 10 985 772 79 173 40 171
walk 2 11 1064 772 79 173 40 168
walk 3 0 689 1286 87 165 40 160
walk 3 1 797 1452 88 162 41 160
walk 3 2 1836 1117 88 166 42 163
walk 3 3 405 772 88 173 44 166
walk 3 4 1513 594 88 175 46 165
walk 3 5 1601 594 87 175 47 163
walk 3 6 0 772 87 174 47 161
walk 3 7 1671 772 87 172 47 161
walk 3 8 863 1286 88 164 46 161
walk 3 9 724 1117 88 167 44 166
walk 3 10 1924 1117 88 166 42 165
walk 3 11 0 1286 88 166 41 162
walk 4 0 1595 1117 81 167 35 155
walk 4 1 1296 1286 81 164 36 155
walk 4 2 674 1616 80 160 37 157
walk 4 3 970 1452 80 162 40 158
walk 4 4 1458 1286 80 164 43 156
walk 4 5 1377 1286 81 164 45 153
walk 4 6 406 1452 81 163 46 151
walk 4 7 433 1616 81 160 45 150
walk 4 8 1607 1776 80 153 43 152
walk 4 9 1844 1616 80 159 40 158
walk 4 10 1538 1286 80 164 37 159
walk 4 11 1676 1117 81 167 36 157
walk 5 0 1164 1117 87 167 40 154
walk 5 1 951 1286 88 164 41 153
walk 5 2 1087 1616 88 159 42 154
walk 5 3 1237 1776 88 155 44 154
walk 5 4 1519 1776 88 153 46 151
walk 5 5 103 1934 88 151 47 147
walk 5 6 191 1934 87 150 47 145
walk 5 7 667 1934 88 147 47 144
walk 5 8 403 1934 88 148 46 147
walk 5 9 1924 1616 88 158 44 154
walk 5 10 513 1286 88 165 42 156
walk 5 11 1251 1117 87 167 40 155
walk 6 0 1214 1286 82 164 42 156
walk 6 1 1498 1452 80 161 40 155
walk 6 2 489 1776 79 157 39 156
walk 6 3 568 1776 79 157 39 156
walk 6 4 1767 1776 79 153 39 152
walk 6 5 1928 1776 79 152 39 149
walk 6 6 1846 1776 82 152 42 146
walk 6 7 1437 1776 82 154 41 146
walk 6 8 647 1776 79 157 39 148
walk 6 9 1698 1286 79 164 39 155
walk 6 10 1757 1117 79 167 39 158
walk 6 11 168 1286 79 166 39 157
walk 7 0 1338 1117 87 167 47 161
walk 7 1 812 1117 88 167 47 160
walk 7 2 1039 1286 88 164 46 161
walk 7 3 233 1452 88 163 44 162
walk 7 4 88 1616 88 160 42 159
walk 7 5 1127 1286 87 164 40 156
walk 7 6 1425 1117 87 167 40 154
walk 7 7 264 1117 87 168 40 153
walk 7 8 1893 946 88 169 42 155
walk 7 9 1583 772 88 172 44 162
walk 7 10 176 1117 88 168 46 163
walk 7 11 601 1286 88 165 47 162
pray 0 0 0 594 80 178 40 175
pray 1 0 1261 413 85 179 68 172
pray 2 0 326 1286 98 165 75 156
pray 3 0 1150 1934 98 140 69 132
pray 4 0 140 2215 80 121 40 117
pray 5 0 1014 2085 86 128 17 120
pray 6 0 569 1934 98 147 23 138
pray 7 0 534 1117 97 167 29 160
cast 0 0 1044 946 80 171 40 168
cast 0 1 967 1934 80 141 41 138
cast 0 2 1065 1776 80 156 41 155
cast 0 3 739 0 79 210 40 209
cast 0 4 487 0 80 214 40 213
cast 0 5 567 0 79 214 40 213
cast 0 6 1843 0 79 198 40 197
cast 0 7 1848 594 79 175 40 173
cast 0 8 1050 1452 80 162 40 159
cast 0 9 1618 1286 80 164 40 161
cast 0 10 351 1117 80 168 40 165
cast 0 11 1044 946 80 171 40 168
cast 1 0 1087 413 87 179 42 172
cast 1 1 1325 1776 112 154 54 147
cast 1 2 424 1286 89 165 33 163
cast 1 3 389 0 98 215 41 214
cast 1 4 0 0 98 217 43 216
cast 1 5 290 0 99 215 46 214
cast 1 6 1373 0 99 200 45 199
cast 1 7 899 217 93 182 44 175
cast 1 8 176 946 88 171 41 164
cast 1 9 493 772 88 173 41 166
cast 1 10 514 594 88 177 42 170
cast 1 11 1087 413 87 179 42 172
cast 2 0 846 413 77 180 37 171
cast 2 1 431 1117 103 167 44 158
cast 2 2 1749 413 85 178 28 174
cast 2 3 98 0 96 216 36 215
cast 2 4 194 0 96 216 38 215
cast 2 5 818 0 99 209 42 208
cast 2 6 95 217 99 194 41 193
cast 2 7 761 413 85 180 40 171
cast 2 8 326 772 79 174 35 165
cast 2 9 1435 594 78 176 35 167
cast 2 10 1671 413 78 179 36 170
cast 2 11 846 413 77 180 37 171
cast 3 0 264 946 88 171 42 163
cast 3 1 1838 772 112 171 54 163
cast 3 2 1818 217 92 181 35 178
cast 3 3 646 0 93 210 41 209
cast 3 4 917 0 94 207 43 206
cast 3 5 0 217 95 196 45 195
cast 3 6 1722 217 96 181 45 180
cast 3 7 631 1117 93 167 44 159
cast 3 8 900 1117 88 167 40 159
cast 3 9 0 1117 88 169 41 161
cast 3 10 352 946 88 171 41 163
cast 3 11 264 946 88 171 42 163
cast 4 0 754 1616 80 160 40 156
cast 4 1 88 1286 80 166 39 162
cast 4 2 80 594 80 178 39 177
cast 4 3 1293 0 80 203 40 202
cast 4 4 1472 0 80 200 40 199
cast 4 5 388 217 80 186 40 185
cast 4 6 1124 946 80 171 40 170
cast 4 7 1687 1776 80 153 40 149
cast 4 8 409 1776 80 157 40 153
cast 4 9 80 1776 80 158 40 154
cast 4 10 834 1616 80 160 40 156
cast 4 11 754 1616 80 160 40 156
cast 5 0 176 1616 87 160 45 152
cast 5 1 1130 1452 112 161 58 153
cast 5 2 440 946 88 171 56 168
cast 5 3 1648 0 99 198 57 197
cast 5 4 1922 0 98 196 55 195
cast 5 5 468 217 99 185 53 184
cast 5 6 1363 946 99 170 54 169
cast 5 7 884 1776 93 156 49 148
cast 5 8 977 1776 88 156 47 148
cast 5 9 238 1776 88 157 47 149
cast 5 10 1175 1616 88 159 46 151
cast 5 11 176 1616 87 160 45 152
cast 6 0 643 1452 77 163 40 154
cast 6 1 0 1934 103 151 59 142
cast 6 2 885 1452 85 162 57 158
cast 6 3 1747 0 96 198 60 197
cast 6 4 1552 0 96 199 58 198
cast 6 5 194 217 99 192 57 191
cast 6 6 239 594 99 177 58 176
cast 6 7 321 1452 85 163 45 154
cast 6 8 726 1776 79 157 44 148
cast 6 9 160 1776 78 158 43 149
cast 6 10 1578 1452 78 161 42 152
cast 6 11 643 1452 77 163 40 154
cast 7 0 988 1117 88 167 46 160
cast 7 1 755 1934 112 143 58 136
cast 7 2 1145 1776 92 155 57 153
cast 7 3 1200 0 93 203 52 202
cast 7 4 1011 0 94 206 51 205
cast 7 5 1105 0 95 204 50 203
cast 7 6 293 217 95 188 51 187
cast 7 7 1950 772 93 171 49 164
cast 7 8 1437 1616 87 159 47 152
cast 7 9 1330 1452 88 161 47 154
cast 7 10 776 1286 87 165 46 158
cast 7 11 988 1117 88 167 46 160
fall 0 0 1204 946 80 171 40 168
fall 0 1 247 1286 79 166 43 155
fall 0 2 350 1616 83 160 39 148
fall 0 3 1047 1934 103 140 55 127
fall 0 4 1827 2445 88 54 45 22
fall 0 5 588 2530 87 41 45 9
fall 0 6 675 2530 86 40 45 8
fall 0 7 675 2530 86 40 45 8
fall 1 0 1174 413 87 179 42 172
fall 1 1 1512 1117 83 167 46 154
fall 1 2 994 1616 93 159 45 145
fall 1 3 867 1934 100 142 29 127
fall 1 4 1548 2445 152 60 12 28
fall 1 5 139 2530 154 48 13 16
fall 1 6 433 2530 155 46 13 14
fall 1 7 433 2530 155 46 13 14
fall 2 0 923 413 77 180 37 171
fall 2 1 805 1776 79 157 41 145
fall 2 2 1520 1934 121 136 67 126
fall 2 3 1930 1934 118 130 53 120
fall 2 4 330 2445 164 85 4 60
fall 2 5 658 2445 165 84 5 58
fall 2 6 823 2445 165 84 5 57
fall 2 7 823 2445 165 84 5 57
fall 3 0 528 946 88 171 42 163
fall 3 1 1331 1934 84 139 41 132
fall 3 2 1426 2085 126 125 65 119
fall 3 3 454 2085 140 128 57 122
fall 3 4 639 2215 127 117 3 116
fall 3 5 500 2215 139 118 13 112
fall 3 6 766 2215 140 116 13 109
fall 3 7 766 2215 140 116 13 109
fall 4 0 914 1616 80 160 40 156
fall 4 1 1745 1934 81 134 36 125
fall 4 2 1343 2085 83 126 44 118
fall 4 3 1100 2085 103 127 48 123
fall 4 4 1415 1934 105 138 51 137
fall 4 5 1641 1934 104 135 50 133
fall 4 6 1826 1934 104 133 50 130
fall 4 7 1826 1934 104 133 50 130
fall 5 0 263 1616 87 160 45 152
fall 5 1 1248 1934 83 140 37 129
fall 5 2 0 2085 93 130 48 120
fall 5 3 354 2085 100 129 71 122
fall 5 4 0 2336 152 109 140 108
fall 5 5 1886 2215 154 109 141 104
fall 5 6 292 2336 155 108 142 101
fall 5 7 292 2336 155 108 142 101
fall 6 0 720 1452 77 163 40 154
fall 6 1 491 1934 78 148 37 137
fall 6 2 233 2085 121 129 54 119
fall 6 3 1692 2085 119 123 66 115
fall 6 4 494 2445 164 85 160 62
fall 6 5 0 2445 165 85 160 60
fall 6 6 165 2445 165 85 160 59
fall 6 7 165 2445 165 85 160 59
fall 7 0 1076 1117 88 167 46 160
fall 7 1 326 1776 83 157 43 148
fall 7 2 278 1934 125 148 61 134
fall 7 3 1203 2085 140 126 83 115
fall 7 4 1700 2445 127 58 124 26
fall 7 5 0 2530 139 51 126 19
fall 7 6 293 2530 140 48 127 16
fall 7 7 293 2530 140 48 127 16
drown 0 0 906 2215 140 116 70 114
drown 0 1 93 2085 140 129 70 127
drown 0 2 594 2085 140 128 70 126
drown 0 3 1811 2085 140 121 70 119
drown 1 0 0 2215 140 121 70 119
drown 1 1 734 2085 140 128 70 126
drown 1 2 874 2085 140 128 70 126
drown 1 3 1552 2085 140 124 70 122
drown 2 0 220 2215 140 120 70 118
drown 2 1 1186 2215 140 113 70 111
drown 2 2 1046 2215 140 115 70 113
drown 2 3 360 2215 140 119 70 117
drown 3 0 1326 2215 140 113 70 111
drown 3 1 1847 2336 140 89 70 87
drown 3 2 1427 2336 140 93 70 91
drown 3 3 447 2336 140 107 70 105
drown 4 0 587 2336 140 105 70 103
drown 4 1 1408 2445 140 78 70 76
drown 4 2 1268 2445 140 79 70 77
drown 4 3 1147 2336 140 97 70 95
drown 5 0 867 2336 140 101 70 99
drown 5 1 1128 2445 140 81 70 79
drown 5 2 988 2445 140 82 70 80
drown 5 3 1287 2336 140 95 70 93
drown 6 0 727 2336 140 102 70 100
drown 6 1 1567 2336 140 93 70 91
drown 6 2 1707 2336 140 93 70 91
drown 6 3 1007 2336 140 101 70 99
drown 7 0 152 2336 140 109 70 107
drown 7 1 1466 2215 140 113 70 111
drown 7 2 1606 2215 140 113 70 111
drown 7 3 1746 2215 140 112 70 110
