unit-atlas 1
# Baked by `just bake-units` (crates/unit-baker), see docs/specs/unit-art.md.
# pose dir frame x y width height feet_x feet_y
# x y width height: the frame's rectangle in the atlas PNG; feet_x feet_y: from its top-left corner.
idle 0 0 699 682 60 129 30 126
idle 0 1 1947 550 60 130 30 127
idle 0 2 1309 550 61 131 30 128
idle 0 3 389 550 61 132 30 129
idle 0 4 633 550 60 132 30 129
idle 0 5 693 550 60 132 30 129
idle 0 6 1370 550 61 131 30 128
idle 0 7 0 682 60 130 30 127
idle 1 0 933 550 58 132 28 125
idle 1 1 1513 416 58 133 29 126
idle 1 2 132 416 59 134 30 127
idle 1 3 581 280 59 135 31 128
idle 1 4 817 280 58 135 31 128
idle 1 5 640 280 59 135 31 128
idle 1 6 250 416 58 134 30 127
idle 1 7 1571 416 58 133 29 126
idle 2 0 1101 280 55 135 29 126
idle 2 1 1156 280 55 135 30 126
idle 2 2 1211 280 55 135 32 126
idle 2 3 1481 144 56 136 33 127
idle 2 4 1705 144 55 136 33 127
idle 2 5 1760 144 55 136 33 127
idle 2 6 1815 144 55 136 32 127
idle 2 7 1266 280 55 135 31 126
idle 3 0 959 144 58 136 28 128
idle 3 1 1017 144 58 136 29 128
idle 3 2 428 144 59 136 30 128
idle 3 3 487 144 59 136 31 128
idle 3 4 1075 144 58 136 31 128
idle 3 5 546 144 59 136 31 128
idle 3 6 605 144 59 136 31 128
idle 3 7 1133 144 58 136 29 128
idle 4 0 1333 416 60 133 30 129
idle 4 1 753 550 60 132 30 128
idle 4 2 450 550 61 132 31 128
idle 4 3 511 550 61 132 31 128
idle 4 4 813 550 60 132 30 128
idle 4 5 873 550 60 132 30 128
idle 4 6 572 550 61 132 31 128
idle 4 7 1393 416 60 133 30 129
idle 5 0 1191 144 58 136 30 128
idle 5 1 1249 144 58 136 29 128
idle 5 2 664 144 59 136 29 128
idle 5 3 723 144 59 136 28 128
idle 5 4 1307 144 58 136 27 128
idle 5 5 782 144 59 136 28 128
idle 5 6 841 144 59 136 28 128
idle 5 7 1365 144 58 136 29 128
idle 6 0 1321 280 55 135 26 126
idle 6 1 1376 280 55 135 25 126
idle 6 2 1431 280 55 135 23 126
idle 6 3 1537 144 56 136 23 127
idle 6 4 1870 144 55 136 22 127
idle 6 5 1925 144 55 136 22 127
idle 6 6 1980 144 55 136 23 127
idle 6 7 1486 280 55 135 24 126
idle 7 0 991 550 58 132 30 125
idle 7 1 1629 416 58 133 29 126
idle 7 2 191 416 59 134 29 127
idle 7 3 699 280 59 135 28 128
idle 7 4 875 280 58 135 27 128
idle 7 5 758 280 59 135 28 128
idle 7 6 308 416 58 134 28 127
idle 7 7 1687 416 58 133 29 126
walk 0 0 1593 144 56 136 31 122
walk 0 1 1661 0 56 137 31 122
walk 0 2 1453 416 60 133 29 124
walk 0 3 1883 550 64 130 31 127
walk 0 4 0 812 59 127 29 126
walk 0 5 176 682 56 130 25 124
walk 0 6 1649 144 56 136 25 123
walk 0 7 1717 0 56 137 25 122
walk 0 8 1541 280 55 135 26 122
walk 0 9 933 280 56 135 28 127
walk 0 10 1732 682 55 128 29 126
walk 0 11 989 280 56 135 31 124
walk 1 0 1732 280 80 134 40 120
walk 1 1 360 280 78 135 37 120
walk 1 2 1891 280 69 134 30 123
walk 1 3 366 416 58 134 28 127
walk 1 4 819 682 58 129 27 126
walk 1 5 653 812 58 126 26 125
walk 1 6 1378 682 60 128 27 123
walk 1 7 877 682 58 129 26 122
walk 1 8 1558 682 58 128 27 122
walk 1 9 1616 682 58 128 28 126
walk 1 10 637 682 62 129 30 125
walk 1 11 1258 416 75 133 36 122
walk 2 0 1842 682 76 127 34 120
walk 2 1 1307 682 71 128 31 120
walk 2 2 1049 550 57 132 29 123
walk 2 3 0 280 55 136 29 127
walk 2 4 900 144 59 136 29 127
walk 2 5 511 280 70 135 31 126
walk 2 6 164 550 80 132 38 124
walk 2 7 411 682 82 129 41 123
walk 2 8 1062 812 66 125 32 123
walk 2 9 175 812 55 127 29 126
walk 2 10 230 812 55 127 29 125
walk 2 11 1918 682 68 127 29 122
walk 3 0 1986 682 60 127 27 122
walk 3 1 1364 812 58 124 26 122
walk 3 2 935 682 58 129 27 126
walk 3 3 1483 0 60 137 28 130
walk 3 4 990 0 70 139 31 129
walk 3 5 757 0 78 140 38 128
walk 3 6 360 0 81 140 41 127
walk 3 7 270 144 80 136 41 125
walk 3 8 493 682 73 129 36 126
walk 3 9 60 682 58 130 28 129
walk 3 10 993 682 58 129 27 128
walk 3 11 1674 682 58 128 26 124
walk 4 0 1773 0 56 137 25 125
walk 4 1 424 416 56 134 25 125
walk 4 2 1431 550 60 131 31 128
walk 4 3 68 416 64 134 33 130
walk 4 4 1543 0 59 137 30 129
walk 4 5 1309 0 56 138 31 127
walk 4 6 1365 0 56 138 31 126
walk 4 7 1045 280 56 135 31 125
walk 4 8 768 812 55 126 29 125
walk 4 9 1608 550 56 131 28 130
walk 4 10 592 416 55 134 26 129
walk 4 11 1829 0 56 137 25 127
walk 5 0 835 0 80 139 40 126
walk 5 1 350 144 78 136 41 125
walk 5 2 320 550 69 132 39 127
walk 5 3 118 682 58 130 30 129
walk 5 4 1051 682 58 129 31 127
walk 5 5 1109 682 58 129 32 125
walk 5 6 1438 682 60 128 33 123
walk 5 7 1128 812 58 125 32 122
walk 5 8 1186 812 58 125 31 124
walk 5 9 1745 416 58 133 30 129
walk 5 10 1247 0 62 138 32 129
walk 5 11 915 0 75 139 39 127
walk 6 0 244 550 76 132 42 124
walk 6 1 566 682 71 129 40 123
walk 6 2 711 812 57 126 28 125
walk 6 3 1787 682 55 128 26 127
walk 6 4 594 812 59 126 30 125
walk 6 5 992 812 70 125 39 122
walk 6 6 375 812 80 126 42 120
walk 6 7 1225 682 82 128 41 120
walk 6 8 1817 550 66 130 34 121
walk 6 9 1596 280 55 135 26 126
walk 6 10 55 280 55 136 26 127
walk 6 11 0 416 68 134 39 125
walk 7 0 759 682 60 129 33 123
walk 7 1 1167 682 58 129 32 122
walk 7 2 59 812 58 127 31 124
walk 7 3 1498 682 60 128 32 127
walk 7 4 455 812 70 126 39 125
walk 7 5 1106 550 78 131 40 123
walk 7 6 1651 280 81 134 40 121
walk 7 7 201 280 80 135 39 120
walk 7 8 438 280 73 135 37 121
walk 7 9 1423 144 58 136 30 126
walk 7 10 1550 550 58 131 31 126
walk 7 11 117 812 58 127 32 124
pray 0 0 1184 550 63 131 28 128
pray 1 0 1746 550 71 130 53 123
pray 2 0 1422 812 86 122 63 113
pray 3 0 1173 939 82 111 53 103
pray 4 0 756 1058 63 103 35 99
pray 5 0 1336 939 71 111 18 103
pray 6 0 1508 812 86 122 23 113
pray 7 0 1664 550 82 130 29 123
fall 0 0 525 812 69 126 35 123
fall 0 1 186 939 65 118 37 106
fall 0 2 1888 812 65 120 35 107
fall 0 3 236 1058 102 107 55 93
fall 0 4 1472 939 89 110 46 78
fall 0 5 1561 939 87 110 45 78
fall 0 6 1648 939 87 110 45 78
fall 0 7 1648 939 87 110 45 78
fall 1 0 1247 550 62 131 26 124
fall 1 1 1953 812 61 120 31 105
fall 1 2 913 812 79 125 31 109
fall 1 3 452 939 86 115 15 99
fall 1 4 1849 939 118 107 12 75
fall 1 5 0 1058 118 107 13 75
fall 1 6 118 1058 118 107 13 75
fall 1 7 118 1058 118 107 13 75
fall 2 0 480 416 56 134 26 125
fall 2 1 1594 812 59 122 29 108
fall 2 2 1653 812 90 121 36 108
fall 2 3 1808 812 80 120 15 106
fall 2 4 1253 1058 146 96 6 71
fall 2 5 1544 1058 145 95 5 69
fall 2 6 1399 1058 145 96 5 69
fall 2 7 1399 1058 145 96 5 69
fall 3 0 1602 0 59 137 26 129
fall 3 1 251 939 61 118 26 110
fall 3 2 1077 939 96 111 35 105
fall 3 3 538 939 105 114 22 108
fall 3 4 241 1165 114 86 4 85
fall 3 5 1925 1058 123 90 13 84
fall 3 6 0 1165 123 89 13 82
fall 3 7 0 1165 123 89 13 82
fall 4 0 1960 280 69 134 34 130
fall 4 1 1743 812 65 121 28 112
fall 4 2 1407 939 65 111 30 103
fall 4 3 975 939 102 112 47 108
fall 4 4 443 1058 105 104 51 103
fall 4 5 548 1058 104 103 50 101
fall 4 6 652 1058 104 103 50 100
fall 4 7 652 1058 104 103 50 100
fall 5 0 1421 0 62 137 36 129
fall 5 1 1244 812 61 124 30 112
fall 5 2 373 939 79 116 48 104
fall 5 3 643 939 86 113 71 106
fall 5 4 123 1165 118 89 106 88
fall 5 5 1689 1058 118 91 105 86
fall 5 6 1807 1058 118 91 105 84
fall 5 7 1807 1058 118 91 105 84
fall 6 0 536 416 56 134 30 125
fall 6 1 1305 812 59 124 30 110
fall 6 2 96 939 90 119 54 105
fall 6 3 1255 939 81 111 66 99
fall 6 4 1109 1058 144 97 140 74
fall 6 5 964 1058 145 99 140 74
fall 6 6 819 1058 145 102 140 76
fall 6 7 819 1058 145 102 140 76
fall 7 0 1491 550 59 131 33 124
fall 7 1 312 939 61 117 35 107
fall 7 2 0 939 96 119 61 105
fall 7 3 338 1058 105 106 83 94
fall 7 4 1735 939 114 109 110 77
fall 7 5 729 939 123 112 110 80
fall 7 6 852 939 123 112 110 80
fall 7 7 852 939 123 112 110 80
drown 0 0 280 1254 140 74 70 72
drown 0 1 355 1165 140 81 70 79
drown 0 2 495 1165 140 81 70 79
drown 0 3 1195 1165 140 77 70 75
drown 1 0 420 1254 140 74 70 72
drown 1 1 635 1165 140 79 70 77
drown 1 2 775 1165 140 79 70 77
drown 1 3 1335 1165 140 76 70 74
drown 2 0 1540 1254 140 73 70 71
drown 2 1 1615 1165 140 75 70 73
drown 2 2 1755 1165 140 75 70 73
drown 2 3 560 1254 140 74 70 72
drown 3 0 1895 1165 140 75 70 73
drown 3 1 140 1329 140 69 70 67
drown 3 2 0 1329 140 70 70 68
drown 3 3 700 1254 140 74 70 72
drown 4 0 1475 1165 140 76 70 74
drown 4 1 700 1329 140 65 70 63
drown 4 2 560 1329 140 67 70 65
drown 4 3 1680 1254 140 73 70 71
drown 5 0 0 1254 140 75 70 73
drown 5 1 420 1329 140 68 70 66
drown 5 2 280 1329 140 69 70 67
drown 5 3 840 1254 140 74 70 72
drown 6 0 1820 1254 140 73 70 71
drown 6 1 980 1254 140 74 70 72
drown 6 2 1120 1254 140 74 70 72
drown 6 3 1260 1254 140 74 70 72
drown 7 0 1400 1254 140 74 70 72
drown 7 1 915 1165 140 79 70 77
drown 7 2 1055 1165 140 78 70 76
drown 7 3 140 1254 140 75 70 73
stranded 0 0 1896 416 82 132 41 129
stranded 0 1 232 682 90 129 45 126
stranded 0 2 322 682 89 129 46 126
stranded 0 3 0 550 82 132 41 129
stranded 1 0 1885 0 90 136 38 129
stranded 1 1 741 416 93 133 38 126
stranded 1 2 927 416 91 133 38 126
stranded 1 3 0 144 90 136 38 129
stranded 2 0 441 0 79 140 43 131
stranded 2 1 1100 416 79 133 43 124
stranded 2 2 281 280 79 135 43 126
stranded 2 3 520 0 79 140 43 131
stranded 3 0 0 0 90 144 38 136
stranded 3 1 1803 416 93 132 38 124
stranded 3 2 1060 0 94 138 38 130
stranded 3 3 90 0 90 144 38 136
stranded 4 0 1018 416 82 133 41 129
stranded 4 1 823 812 90 125 45 121
stranded 4 2 285 812 90 126 43 122
stranded 4 3 82 550 82 132 41 128
stranded 5 0 180 0 90 144 52 136
stranded 5 1 1154 0 93 138 55 130
stranded 5 2 110 280 91 135 53 127
stranded 5 3 270 0 90 144 52 136
stranded 6 0 599 0 79 140 36 131
stranded 6 1 1812 280 79 134 36 125
stranded 6 2 1179 416 79 133 36 124
stranded 6 3 678 0 79 140 36 131
stranded 7 0 90 144 90 136 52 129
stranded 7 1 834 416 93 133 55 126
stranded 7 2 647 416 94 133 56 126
stranded 7 3 180 144 90 136 52 129
