unit-atlas 1
# Baked by `just bake-units` (crates/unit-baker), see docs/specs/unit-art.md.
# pose dir frame x y width height feet_x feet_y
# x y width height: the frame's rectangle in the atlas PNG; feet_x feet_y: from its top-left corner.
idle 0 0 1953 685 60 129 30 126
idle 0 1 0 816 60 129 30 126
idle 0 2 798 685 61 130 30 127
idle 0 3 195 685 61 131 30 128
idle 0 4 1410 552 60 132 30 129
idle 0 5 1470 552 60 132 30 129
idle 0 6 256 685 61 131 30 128
idle 0 7 859 685 60 130 30 127
idle 1 0 1091 552 68 132 31 125
idle 1 1 207 552 68 133 32 126
idle 1 2 550 417 69 134 33 127
idle 1 3 1150 281 68 135 33 128
idle 1 4 1081 281 69 135 34 128
idle 1 5 1218 281 68 135 33 128
idle 1 6 619 417 69 134 33 127
idle 1 7 0 552 69 133 32 126
idle 2 0 1624 281 66 135 33 126
idle 2 1 1490 281 67 135 35 126
idle 2 2 1690 281 66 135 36 126
idle 2 3 1587 144 66 136 37 127
idle 2 4 1653 144 66 136 37 127
idle 2 5 1719 144 66 136 37 127
idle 2 6 1785 144 66 136 36 127
idle 2 7 1756 281 66 135 35 126
idle 3 0 1562 0 69 137 31 129
idle 3 1 1383 144 68 136 32 128
idle 3 2 1976 0 68 137 32 129
idle 3 3 0 144 68 137 33 129
idle 3 4 1631 0 69 137 34 129
idle 3 5 68 144 68 137 33 129
idle 3 6 1700 0 69 137 33 129
idle 3 7 136 144 68 137 32 129
idle 4 0 407 552 60 133 30 129
idle 4 1 1530 552 60 132 30 128
idle 4 2 1227 552 61 132 31 128
idle 4 3 1288 552 61 132 31 128
idle 4 4 1590 552 60 132 30 128
idle 4 5 1650 552 60 132 30 128
idle 4 6 1349 552 61 132 31 128
idle 4 7 467 552 60 133 30 129
idle 5 0 1107 144 69 136 38 128
idle 5 1 1176 144 69 136 37 128
idle 5 2 1245 144 69 136 36 128
idle 5 3 204 144 68 137 35 129
idle 5 4 1769 0 69 137 35 129
idle 5 5 272 144 68 137 35 129
idle 5 6 1838 0 69 137 36 129
idle 5 7 340 144 68 137 36 129
idle 6 0 1822 281 66 135 33 126
idle 6 1 1557 281 67 135 32 126
idle 6 2 1888 281 66 135 30 126
idle 6 3 1851 144 66 136 29 127
idle 6 4 1917 144 66 136 29 127
idle 6 5 0 281 66 136 29 127
idle 6 6 66 281 66 136 30 127
idle 6 7 1954 281 66 135 31 126
idle 7 0 1022 552 69 132 38 125
idle 7 1 69 552 69 133 37 126
idle 7 2 895 417 68 134 36 127
idle 7 3 1286 281 68 135 35 128
idle 7 4 1354 281 68 135 35 128
idle 7 5 1422 281 68 135 35 128
idle 7 6 688 417 69 134 36 127
idle 7 7 275 552 68 133 36 126
walk 0 0 198 281 60 136 35 122
walk 0 1 258 281 60 136 35 121
walk 0 2 343 552 64 133 33 124
walk 0 3 734 685 64 130 31 127
walk 0 4 1331 816 62 127 29 126
walk 0 5 919 685 60 130 25 124
walk 0 6 66 417 61 135 25 122
walk 0 7 318 281 60 136 25 121
walk 0 8 187 417 59 135 26 122
walk 0 9 1279 417 58 134 29 126
walk 0 10 705 816 59 128 33 126
walk 0 11 1159 417 60 134 35 123
walk 1 0 327 417 80 134 40 120
walk 1 1 549 281 78 135 37 120
walk 1 2 480 417 70 134 31 123
walk 1 3 757 417 69 134 31 127
walk 1 4 1604 685 71 129 31 126
walk 1 5 985 816 71 127 31 125
walk 1 6 216 816 72 128 31 123
walk 1 7 1388 685 72 129 31 122
walk 1 8 360 816 71 128 31 122
walk 1 9 502 816 69 128 31 126
walk 1 10 1886 685 67 129 31 125
walk 1 11 1848 417 75 133 36 122
walk 2 0 764 816 76 127 34 120
walk 2 1 142 816 74 128 34 120
walk 2 2 1159 552 68 132 34 123
walk 2 3 132 281 66 136 33 127
walk 2 4 1314 144 69 136 34 127
walk 2 5 935 281 73 135 34 126
walk 2 6 866 552 80 132 38 124
walk 2 7 1159 685 82 129 41 123
walk 2 8 306 945 68 125 34 123
walk 2 9 1265 816 66 127 33 126
walk 2 10 1197 816 68 127 34 125
walk 2 11 840 816 73 127 34 122
walk 3 0 913 816 72 127 31 122
walk 3 1 374 945 71 124 31 122
walk 3 2 1746 685 70 129 31 126
walk 3 3 1907 0 69 137 31 130
walk 3 4 827 0 70 140 31 130
walk 3 5 441 0 78 140 38 128
walk 3 6 360 0 81 140 41 127
walk 3 7 949 144 80 136 41 125
walk 3 8 1315 685 73 129 36 126
walk 3 9 528 685 69 130 31 129
walk 3 10 1816 685 70 129 31 128
walk 3 11 431 816 71 128 31 124
walk 4 0 469 144 60 137 25 125
walk 4 1 1219 417 60 134 25 125
walk 4 2 132 685 63 131 31 128
walk 4 3 1095 417 64 134 33 130
walk 4 4 408 144 61 137 32 129
walk 4 5 1118 0 60 139 35 128
walk 4 6 1501 0 61 138 36 126
walk 4 7 127 417 60 135 35 125
walk 4 8 1906 816 58 126 32 125
walk 4 9 317 685 58 131 29 130
walk 4 10 1337 417 58 134 26 129
walk 4 11 529 144 60 137 25 127
walk 5 0 897 0 80 139 40 126
walk 5 1 1029 144 78 136 41 125
walk 5 2 1923 417 70 133 39 128
walk 5 3 1859 552 69 131 38 130
walk 5 4 457 685 71 130 40 128
walk 5 5 1460 685 72 129 41 125
walk 5 6 288 816 72 128 41 123
walk 5 7 164 945 71 125 40 122
walk 5 8 235 945 71 125 40 124
walk 5 9 138 552 69 133 38 129
walk 5 10 1052 0 66 139 35 130
walk 5 11 977 0 75 139 39 127
walk 6 0 946 552 76 132 42 124
walk 6 1 1241 685 74 129 40 123
walk 6 2 1702 816 68 126 34 125
walk 6 3 639 816 66 128 33 127
walk 6 4 1770 816 68 126 34 125
walk 6 5 91 945 73 125 39 122
walk 6 6 1483 816 80 126 42 120
walk 6 7 60 816 82 128 41 120
walk 6 8 666 685 68 130 34 121
walk 6 9 0 417 66 135 33 126
walk 6 10 1451 144 68 136 34 127
walk 6 11 407 417 73 134 39 125
walk 7 0 1532 685 72 129 41 123
walk 7 1 1675 685 71 129 40 122
walk 7 2 1127 816 70 127 39 124
walk 7 3 571 816 68 128 37 127
walk 7 4 1563 816 70 126 39 125
walk 7 5 1710 552 78 131 40 123
walk 7 6 246 417 81 134 40 121
walk 7 7 469 281 80 135 39 120
walk 7 8 1008 281 73 135 37 121
walk 7 9 1519 144 68 136 37 126
walk 7 10 1788 552 71 131 40 126
walk 7 11 1056 816 71 127 40 124
pray 0 0 68 685 64 131 29 128
pray 1 0 597 685 69 130 53 123
pray 2 0 613 945 88 122 65 113
pray 3 0 182 1070 82 113 53 105
pray 4 0 726 1070 64 103 35 99
pray 5 0 264 1070 69 113 16 105
pray 6 0 701 945 88 122 23 113
pray 7 0 375 685 82 130 29 123
fall 0 0 1633 816 69 126 35 123
fall 0 1 1898 945 66 117 37 106
fall 0 2 1601 945 70 119 35 107
fall 0 3 414 1070 102 106 55 93
fall 0 4 1370 1339 90 54 46 22
fall 0 5 1942 1339 89 41 46 9
fall 0 6 0 1411 89 39 46 7
fall 0 7 0 1411 89 39 46 7
fall 1 0 1928 552 68 131 28 124
fall 1 1 1760 945 68 118 31 105
fall 1 2 534 945 79 123 31 109
fall 1 3 96 1070 86 115 15 100
fall 1 4 1138 1339 118 60 12 28
fall 1 5 1706 1339 118 45 13 13
fall 1 6 1824 1339 118 44 13 12
fall 1 7 1824 1339 118 44 13 12
fall 2 0 963 417 66 134 29 125
fall 2 1 1145 945 67 120 29 108
fall 2 2 445 945 89 123 35 112
fall 2 3 855 945 80 121 15 110
fall 2 4 714 1339 144 70 4 45
fall 2 5 140 1339 145 71 5 45
fall 2 6 285 1339 145 71 5 44
fall 2 7 285 1339 145 71 5 44
fall 3 0 1365 0 68 138 28 130
fall 3 1 1001 945 65 121 26 113
fall 3 2 0 1070 96 115 35 109
fall 3 3 1212 945 105 119 22 113
fall 3 4 1598 1070 114 86 4 85
fall 3 5 1234 1070 123 89 13 83
fall 3 6 1357 1070 123 88 13 81
fall 3 7 1357 1070 123 88 13 81
fall 4 0 826 417 69 134 34 130
fall 4 1 789 945 66 122 29 113
fall 4 2 1828 945 70 117 35 109
fall 4 3 1317 945 102 119 47 115
fall 4 4 621 1070 105 103 51 102
fall 4 5 790 1070 104 102 50 100
fall 4 6 894 1070 104 102 50 99
fall 4 7 894 1070 104 102 50 99
fall 5 0 1433 0 68 138 40 130
fall 5 1 1838 816 68 126 37 114
fall 5 2 1066 945 79 120 48 109
fall 5 3 1515 945 86 119 71 111
fall 5 4 1480 1070 118 87 106 86
fall 5 5 998 1070 118 91 105 85
fall 5 6 1116 1070 118 90 105 83
fall 5 7 1116 1070 118 90 105 83
fall 6 0 1029 417 66 134 37 125
fall 6 1 935 945 66 121 37 110
fall 6 2 1671 945 89 118 54 107
fall 6 3 333 1070 81 112 66 102
fall 6 4 430 1339 144 71 140 48
fall 6 5 1680 1264 145 72 140 47
fall 6 6 1825 1264 145 72 140 46
fall 6 7 1825 1264 145 72 140 46
fall 7 0 0 685 68 131 40 124
fall 7 1 1964 945 65 116 39 107
fall 7 2 1419 945 96 119 61 105
fall 7 3 516 1070 105 104 83 94
fall 7 4 1256 1339 114 58 110 26
fall 7 5 1460 1339 123 46 110 14
fall 7 6 1583 1339 123 45 110 13
fall 7 7 1583 1339 123 45 110 13
drown 0 0 280 1264 140 74 70 72
drown 0 1 1712 1070 140 81 70 79
drown 0 2 1852 1070 140 81 70 79
drown 0 3 560 1185 140 77 70 75
drown 1 0 420 1264 140 74 70 72
drown 1 1 0 1185 140 79 70 77
drown 1 2 140 1185 140 79 70 77
drown 1 3 700 1185 140 76 70 74
drown 2 0 980 1264 140 73 70 71
drown 2 1 980 1185 140 75 70 73
drown 2 2 1120 1185 140 75 70 73
drown 2 3 560 1264 140 74 70 72
drown 3 0 1260 1185 140 75 70 73
drown 3 1 0 1339 140 72 70 70
drown 3 2 1120 1264 140 73 70 71
drown 3 3 1400 1185 140 75 70 73
drown 4 0 840 1185 140 76 70 74
drown 4 1 998 1339 140 68 70 66
drown 4 2 858 1339 140 69 70 67
drown 4 3 1260 1264 140 73 70 71
drown 5 0 1540 1185 140 75 70 73
drown 5 1 574 1339 140 71 70 69
drown 5 2 1400 1264 140 73 70 71
drown 5 3 1680 1185 140 75 70 73
drown 6 0 1540 1264 140 73 70 71
drown 6 1 1820 1185 140 75 70 73
drown 6 2 0 1264 140 75 70 73
drown 6 3 700 1264 140 74 70 72
drown 7 0 840 1264 140 74 70 72
drown 7 1 280 1185 140 79 70 77
drown 7 2 420 1185 140 78 70 76
drown 7 3 140 1264 140 75 70 73
stranded 0 0 620 552 82 132 41 129
stranded 0 1 979 685 91 129 45 126
stranded 0 2 1070 685 89 129 46 126
stranded 0 3 702 552 82 132 41 129
stranded 1 0 589 144 90 136 38 129
stranded 1 1 1489 417 93 133 38 126
stranded 1 2 1675 417 91 133 38 126
stranded 1 3 679 144 90 136 38 129
stranded 2 0 519 0 77 140 41 131
stranded 2 1 627 281 77 135 41 126
stranded 2 2 704 281 77 135 41 126
stranded 2 3 596 0 77 140 41 131
stranded 3 0 0 0 90 144 38 136
stranded 3 1 527 552 93 132 38 124
stranded 3 2 1178 0 94 138 38 130
stranded 3 3 90 0 90 144 38 136
stranded 4 0 1766 417 82 133 41 129
stranded 4 1 0 945 91 125 46 121
stranded 4 2 1393 816 90 126 43 122
stranded 4 3 784 552 82 132 41 128
stranded 5 0 180 0 90 144 52 136
stranded 5 1 1272 0 93 138 55 130
stranded 5 2 378 281 91 135 53 127
stranded 5 3 270 0 90 144 52 136
stranded 6 0 673 0 77 140 36 131
stranded 6 1 781 281 77 135 36 126
stranded 6 2 858 281 77 135 36 126
stranded 6 3 750 0 77 140 36 131
stranded 7 0 769 144 90 136 52 129
stranded 7 1 1582 417 93 133 55 126
stranded 7 2 1395 417 94 133 56 126
stranded 7 3 859 144 90 136 52 129
